,country,gdp_usd,population,CPI,rank,GI_risk,co2_mmt,gdp_capita,regulatory_quality,political_stability,accountability,rule_of_law,co2_mmt_capita,co2_kg_capita,GDP_Ag_and_Forest,petro_income,resource_income,co2_dollar,co2_kg_dollar,KOFGI,GDP_Ag_and_Forest_LOG,resource_income_LOG,CPI_LOG,scaled_GDP_Ag_and_Forest_LOG,scaled_resource_income_LOG
0,Afghanistan,59638900000.0,34600200.0,16,172,10,8.54149,1723.66,-1.32769,-2.67105,-1.0398399999999999,-1.49819,2.468624458818157e-07,0.00024686244588181566,21.0811,0.0008241219999999999,0.6258600000000001,1.432201130470213e-10,0.1432201130470213,38.658775329589794,3.094722039008557,0.48603690655771836,2.833213344056216,1.0820537952423168,-0.8183698517417481
1,Albania,30875800000.0,2927090.0,36,99,35,4.22116,10548.3,0.189022,0.344645,0.169949,-0.328867,1.4421011994848126e-06,0.0014421011994848127,19.85,0.8534209999999999,1.0495,1.3671419040154427e-10,0.13671419040154428,67.1855545043945,3.0373539482448106,0.7175958609622552,3.6109179126442243,1.022565739368921,-0.6011894845272362
2,Algeria,553624000000.0,40563900.0,35,105,35,138.72299999999998,13648.2,-1.17188,-1.09753,-0.8631690000000001,-0.857401,3.4198634746658983e-06,0.0034198634746658977,12.2128,10.0461,12.3034,2.5057259078363654e-10,0.2505725907836365,53.1823387145996,2.581186056709634,2.588019641655346,3.58351893845611,0.5495407413600487,1.153090865296809
3,Angola,176813000000.0,28852900.0,19,165,22,21.416999999999998,6128.08,-1.00138,-0.315899,-1.14293,-1.08732,7.422824048882435e-07,0.0007422824048882434,9.83117,10.1687,10.7462,1.2112797135957195e-10,0.12112797135957196,41.75149536132809,2.382428088418726,2.463529784028415,2.995732273553991,0.3434379241743631,1.0363311698515378
4,Argentina,799476000000.0,43897900.0,40,85,35,194.1,18212.2,-0.469625,0.204626,0.49256300000000003,-0.393606,4.421623813439823e-06,0.004421623813439823,6.26457,0.552452,1.13494,2.4278402353541567e-10,0.2427840235354157,63.02438735961911,1.983009107383444,0.7584385432411935,3.713572066704308,-0.0707410792471232,-0.5628829169484717
5,Armenia,23446700000.0,2921300.0,35,105,35,5.2198,8026.12,0.250056,-0.6622640000000001,-0.579335,-0.11913,1.7868072433505631e-06,0.0017868072433505629,16.3905,0.0,4.41208,2.2262407929474083e-10,0.22262407929474085,67.08510589599611,2.855924080109268,1.6886334921652908,3.58351893845611,0.8344313603253948,0.3095518420869641
6,Australia,1088900000000.0,24246000.0,77,13,71,411.72900000000004,44910.7,1.89697,1.04796,1.35101,1.75552,1.698131650581539e-05,0.01698131650581539,2.3873,0.172404,6.09512,3.781146110753972e-10,0.3781146110753972,79.28904724121091,1.2200331438724492,1.9594072237882163,4.356708826689592,-0.8619118528103801,0.5635119561198442
7,Austria,383118000000.0,8745720.0,76,14,71,68.1012,43806.3,1.44044,0.909639,1.33742,1.81497,7.78680314485257e-06,0.0077868031448525684,1.1127200000000002,0.0234024,0.112891,1.7775515637479842e-10,0.17775515637479838,87.9089584350586,0.7479762168386235,0.10696113398458039,4.343805421853684,-1.3514130454935804,-1.1739070223999426
8,Azerbaijan,155209000000.0,9713940.0,25,152,35,35.1174,15978.0,-0.282023,-0.803879,-1.5631,-0.519861,3.615155127579541e-06,0.003615155127579541,5.60511,13.1744,15.4402,2.2625878653944042e-10,0.2262587865394404,59.2881927490234,1.8878435918855736,2.799729555004157,3.258096538021482,-0.16942331579691353,1.3516547119953086
9,Bahrain,61076200000.0,1348410.0,36,99,35,38.1075,45295.0,0.6082390000000001,-0.7934260000000001,-1.3721299999999998,0.45638100000000004,2.8261063029790638e-05,0.028261063029790645,0.332012,1.81124,3.22726,6.239337090388727e-10,0.6239337090388728,65.9497146606445,0.2866905810866255,1.4415540290377193,3.6109179126442243,-1.8297449074727001,0.07781470770923585
10,Bangladesh,569985000000.0,162916000.0,26,149,22,79.2048,3498.64,-0.79668,-1.26194,-0.585298,-0.663492,4.861695597731346e-07,0.0004861695597731347,14.0455,0.0139824,0.6441560000000001,1.389594463012185e-10,0.13895944630121848,45.54489517211911,2.7110789431622195,0.49722718264311744,3.295836866004329,0.6842336548591192,-0.8078744326563219
11,Barbados,4731870000.0,284887.0,68,25,71,1.75655,16609.6,0.48106499999999996,0.9766100000000001,1.0857299999999999,0.7951229999999999,6.1657780102286175e-06,0.006165778010228618,1.37998,0.0510713,0.0667225,3.7121687620327686e-10,0.3712168762032769,59.94364929199221,0.8670920842867302,0.06459086351768491,4.23410650459726,-1.2278954020819752,-1.213646323014086
12,Belarus,155762000000.0,9471700.0,44,70,47,55.44300000000001,16445.0,-0.941261,0.142281,-1.33949,-0.716039,5.853542658656841e-06,0.005853542658656841,6.8952800000000005,0.384228,1.29721,3.55946893337271e-10,0.355946893337271,65.00070953369139,2.066265112563204,0.8316953431240736,3.8066624897703196,0.01559154611992506,-0.49417497714784103
13,Belgium,464710000000.0,11336500.0,75,17,71,137.639,40992.4,1.3406799999999999,0.441367,1.37696,1.39096,1.214122524588718e-05,0.012141225245887179,0.634991,0.0,0.018805900000000004,2.961825654709389e-10,0.2961825654709389,90.4742889404297,0.4916372997469104,0.018631255233212282,4.330733340286331,-1.6172246424887928,-1.2567520825383711
14,Benin,21403300000.0,10885400.0,40,85,35,5.4356599999999995,1966.24,-0.527894,-0.00202717,0.413315,-0.608593,4.993532621676742e-07,0.0004993532621676742,23.2404,0.0739684,6.00174,2.5396364112076175e-10,0.2539636411207617,48.9865608215332,3.188020662715128,1.9461586895951257,3.713572066704308,1.1788001513799848,0.5510860858765251
15,Bhutan,5877710000.0,796958.0,68,25,71,0.5804600000000001,7375.18,-0.665137,1.1233,-0.025974599999999997,0.493501,7.283445300756127e-07,0.0007283445300756124,16.6445,0.0,4.35821,9.87561482277962e-11,0.0987561482277962,40.8336753845215,2.8704241200864686,1.6786299640833662,4.23410650459726,0.8494672309086162,0.300169480226418
16,Bolivia,71531400000.0,10888600.0,29,132,35,17.9948,6569.38,-0.9240950000000001,-0.24886599999999998,-0.0369255,-1.20056,1.6526275186892715e-06,0.0016526275186892715,11.1719,0.925751,5.2417099999999985,2.515650469583987e-10,0.2515650469583987,59.91886901855471,2.4991300164242434,1.8312541833011937,3.4011973816621555,0.4644524240697036,0.443316542108757
17,Bosnia and Herzegovina,39560500000.0,3528410.0,38,89,35,18.5662,11212.0,-0.166648,-0.397839,-0.132196,-0.21673,5.26191684072996e-06,0.00526191684072996,6.3693800000000005,0.0,1.17979,4.693115607740043e-10,0.4693115607740043,69.4781646728516,1.9973335778321597,0.7792285418857092,3.6635616461296463,-0.05588726614186781,-0.5433838673366089
18,Botswana,33933800000.0,2250510.0,61,34,59,5.78343,15078.3,0.528487,0.99456,0.394302,0.533726,2.569830838343309e-06,0.0025698308383433088,2.04973,0.0,1.14278,1.7043272489376376e-10,0.17043272489376374,56.5203132629395,1.1150530621106234,0.7621040513988813,4.127134385045092,-0.9707713404854998,-0.5594450174737502
19,Brazil,2870230000000.0,207852000.0,35,105,35,492.541,13809.1,-0.20731599999999997,-0.377205,0.45056599999999997,-0.157223,2.3696716894713544e-06,0.0023696716894713553,4.8930099999999985,0.823918,3.01461,1.7160332098821346e-10,0.1716033209882135,59.6389312744141,1.7737669027828955,1.389940206939772,3.58351893845611,-0.28771556441189944,0.029405831164589114
20,Bulgaria,132051000000.0,7121330.0,42,77,35,42.8881,18543.0,0.658518,0.07733330000000001,0.401109,-0.0614716,6.02248456397892e-06,0.006022484563978921,4.0548199999999985,0.00679084,1.3404200000000002,3.247843636170873e-10,0.3247843636170873,79.5186462402344,1.6203422435298382,0.8503304004432006,3.7612001156935624,-0.4468098375608742,-0.47669705839475734
21,Burkina Faso,29994700000.0,18669200.0,41,78,47,3.41815,1606.64,-0.397383,-0.867376,0.0133565,-0.441279,1.8309033059799027e-07,0.00018309033059799024,30.7572,0.0,21.1141,1.1395846599565921e-10,0.11395846599565924,54.63960266113279,3.4581194712834393,3.0962154141322342,3.7376696182833684,1.4588801192077336,1.6297303663137939
22,Burundi,7130170000.0,10547300.0,17,170,22,0.217061,676.018,-0.825259,-1.97072,-1.54965,-1.46024,2.057976923003992e-08,2.057976923003992e-05,30.6459,0.0,17.0211,3.044261216773233e-11,0.030442612167732325,38.9452323913574,3.454608598334774,2.891543293602365,2.8903717578961645,1.4552395063974746,1.4377673026976328
23,Cambodia,53465400000.0,15757200.0,20,161,22,9.64978,3393.08,-0.46521999999999997,0.211038,-1.10694,-1.06366,6.124044881070241e-07,0.0006124044881070241,24.7427,0.0,1.88822,1.804864454394805e-10,0.18048644543948048,56.672183990478494,3.248151091771769,1.0606403954145562,3.044522437723423,1.2411526242580477,-0.27944620254158264
24,Cameroon,76987300000.0,23459200.0,25,152,35,7.111219999999999,3281.75,-0.789898,-1.0621399999999999,-1.0329700000000002,-1.036,3.031313940799345e-07,0.00030313139407993453,14.543,1.68802,5.90255,9.2368741337857e-11,0.09236874133785698,48.0793533325195,2.7436103765007607,1.9318909085482003,3.258096538021482,0.7179672460998402,0.537704258621881
25,Central African Republic,2824990000.0,4621060.0,26,149,22,0.414601,611.3290000000002,-1.42731,-1.7892700000000001,-1.08655,-1.8165,8.971989110723514e-08,8.971989110723513e-05,31.3794,0.0,14.0879,1.467619354404794e-10,0.14676193544047944,34.7126808166504,3.477522418121044,2.7138930980854687,3.295836866004329,1.4790000773624745,1.271148245372448
26,Chad,26306200000.0,14464500.0,19,165,22,0.34268699999999996,1818.67,-1.18002,-1.30236,-1.35586,-1.3779299999999999,2.3691589754225866e-08,2.369158975422587e-05,46.1258,6.758139999999999,13.1924,1.3026852985227815e-11,0.013026852985227816,40.081489562988295,3.8528206217514027,2.652706610062934,2.995732273553991,1.8681669506107075,1.213761114861895
27,Chile,396449000000.0,17928000.0,67,27,59,83.5098,22113.4,1.37306,0.41311099999999995,0.9951399999999999,1.12927,4.658065595716198e-06,0.004658065595716198,3.99347,0.00811921,10.2821,2.106444965178371e-10,0.2106444965178371,74.14324951171879,1.6081310588728521,2.4232173989551553,4.219507705176107,-0.4594722710754685,0.9985219708248049
28,China,19400000000000.0,1404130000.0,39,87,47,10592.8,13816.4,-0.264475,-0.499395,-1.56129,-0.334415,7.5440308233568116e-06,0.007544030823356813,8.12625,0.256726,1.25774,5.460206185567012e-10,0.5460206185567009,61.232608795165994,2.2111548763881586,0.814364312950611,3.6888794541139363,0.16583552759383804,-0.5104298419487189
29,Colombia,623204000000.0,48627000.0,36,99,47,87.7055,12816.0,0.402009,-0.882459,0.120772,-0.278798,1.803637896641784e-06,0.001803637896641784,6.60641,1.84081,3.41675,1.407332109550003e-10,0.1407332109550003,61.6802368164062,2.028991312865246,1.4854041315106528,3.6109179126442243,-0.02305965962051677,0.11894195058332556
30,Comoros,1149000000.0,795859.0,27,144,47,0.193975,1443.72,-1.04956,0.0357599,-0.25193000000000004,-0.998509,2.4373035927218266e-07,0.00024373035927218267,29.6406,0.0,2.43475,1.6882071366405572e-10,0.1688207136640557,40.2011680603027,3.4223259269260917,1.2339441428219207,3.332204510175204,1.4217638697685526,-0.11690370187098456
31,Costa Rica,72358900000.0,4855120.0,56,48,47,7.65027,14903.6,0.407434,0.661428,1.11753,0.46604300000000004,1.575711825866302e-06,0.0015757118258663018,5.1308099999999985,0.0,1.1805,1.0572673161145346e-10,0.10572673161145346,67.6670608520508,1.8133268782497864,0.7795542083006842,4.04305126783455,-0.24669370017353467,-0.5430784230847311
32,Croatia,88538700000.0,4167880.0,48,60,47,17.0616,21243.1,0.35627800000000004,0.6637689999999999,0.524517,0.40917600000000004,4.093591946025316e-06,0.004093591946025317,3.1359,0.160429,0.590698,1.9270217430344016e-10,0.19270217430344014,79.0417938232422,1.4197049589641266,0.46417291361328394,3.8918202981106265,-0.654861418773233,-0.8388762062839793
33,Cuba,130111000000.0,11468200.0,47,61,47,24.6833,11345.4,-1.3387,0.6853640000000001,-1.5602,-0.442362,2.1523255611168274e-06,0.002152325561116828,3.938930000000001,0.22676,0.499363,1.897095556870672e-10,0.1897095556870672,59.2374801635742,1.5971487085485554,0.4050403512450723,3.871201010907891,-0.47086046024152384,-0.8943369490675527
34,Cyprus,27741900000.0,854802.0,59,38,59,8.146,32454.2,1.05263,0.604255,1.0465799999999998,0.721344,9.529692256218401e-06,0.0095296922562184,1.92518,0.0,0.0241952,2.9363525930091307e-10,0.29363525930091305,75.5985946655273,1.073356017251945,0.023907133450679453,4.0943445622221,-1.0140092468073902,-1.2518038084731546
35,Czech Republic,321115000000.0,10569400.0,59,38,71,106.275,30381.4,0.986401,0.976116,1.0247700000000002,1.0355,1.0054970007758247e-05,0.010054970007758249,2.06494,0.0072732,0.308197,3.309561994923938e-10,0.3309561994923937,83.4099349975586,1.1200279933401214,0.2686498533150106,4.0943445622221,-0.9656125669755802,-1.0222583179526101
36,Denmark,253475000000.0,5733200.0,88,1,83,37.7633,44211.7,1.57541,0.867915,1.54136,1.9123900000000005,6.586775273843578e-06,0.0065867752738435785,0.996361,0.271958,0.362379,1.4898234539895452e-10,0.14898234539895452,87.85067749023442,0.6913260232592094,0.3092324362722073,4.48863636973214,-1.4101566752017625,-0.9841956989024322
37,Djibouti,3037470000.0,941911.0,31,124,47,0.9515110000000001,3224.8,-0.70002,-0.6264,-1.37253,-0.975927,1.0101920457452987e-06,0.0010101920457452986,1.94253,0.0,0.68462,3.132577441094069e-10,0.3132577441094069,54.3823776245117,1.0792697555123865,0.5215400190831928,3.4657359027997265,-1.0078769738421531,-0.7850712948564454
38,Dominica,734646000.0,73543.0,57,45,59,0.19918,9989.34,0.199075,1.00244,0.8993959999999999,0.606374,2.708347497382484e-06,0.002708347497382484,16.2839,0.0,0.0568528,2.7112377934406503e-10,0.271123779344065,52.5913772583008,2.8497754323551945,0.05529543512779825,4.060443010546419,0.8280554970838154,-1.2223645544308892
39,Dominican Republic,147299000000.0,10644400.0,30,129,35,23.3221,13838.2,-0.06524500000000001,0.252106,0.180617,-0.395149,2.1910206305663067e-06,0.002191020630566307,5.78452,0.0,2.18321,1.583316926795158e-10,0.1583316926795158,61.524055480957,1.9146435464954648,1.1578901216184847,3.4339872044851463,-0.14163300281956087,-0.18823517033255951
40,Ecuador,167902000000.0,16382600.0,34,114,22,36.82,10248.8,-1.01845,-0.085358,-0.248473,-0.761253,2.2475065007996287e-06,0.002247506500799629,9.51902,3.17948,3.74535,2.192945885099641e-10,0.2192945885099641,60.6681251525879,2.3531850470767477,1.5571651911962032,3.5553480614894135,0.3131142432900937,0.18624702774731625
41,El Salvador,44525200000.0,6345790.0,35,105,35,7.318,7016.49,0.0939717,-0.0992914,0.188029,-0.709517,1.153205511055361e-06,0.001153205511055361,5.63092,0.0,0.968815,1.643563644857294e-10,0.1643563644857294,65.8558502197266,1.891743557768636,0.6774318389198101,3.58351893845611,-0.1653792316158419,-0.6388595330832125
42,Equatorial Guinea,28910200000.0,1221570.0,16,172,10,3.06355,23666.4,-1.38024,-0.140869,-1.95255,-1.51585,2.5078792046301075e-06,0.0025078792046301073,2.33224,12.0421,16.2133,1.0596778991497814e-10,0.10596778991497813,42.304847717285206,1.2036447505221706,2.845682340825111,2.833213344056216,-0.8789058584730658,1.3947540726950003
43,Estonia,35961100000.0,1315640.0,73,18,71,5.26909,27333.5,1.6981400000000002,0.673908,1.2079799999999998,1.2263600000000001,4.004963363838131e-06,0.004004963363838133,2.0862700000000003,0.210487,1.14431,1.465219362032864e-10,0.14652193620328635,81.9686279296875,1.1269632420126745,0.7628178223087325,4.30406509320417,-0.9584210349751906,-0.5587755679648458
44,Ethiopia,163867000000.0,102450000.0,34,114,35,12.0258,1599.48,-1.10131,-1.61981,-1.4036600000000001,-0.492349,1.1738213762811127e-07,0.00011738213762811128,34.6088,0.0,11.3692,7.33875643051987e-11,0.07338756430519873,42.506843566894496,3.5725927983225567,2.515209511718046,3.5553480614894135,1.5775836630115654,1.0848018595989615
45,Finland,213514000000.0,5497300.0,85,3,83,46.6064,38839.8,1.8174099999999997,0.999086,1.53173,2.0152099999999997,8.478052862314228e-06,0.00847805286231423,2.38021,0.0,0.560388,2.1828264188765138e-10,0.2182826418876514,85.9784393310547,1.2179378377424426,0.4449345082849823,4.454347296253507,-0.8640845883236992,-0.856920008323795
46,France,2487650000000.0,66892100.0,72,21,71,354.099,37189.0,1.0703200000000002,-0.0953591,1.13557,1.41308,5.293584743190902e-06,0.0052935847431909,1.43711,0.00399977,0.039476800000000006,1.4234277330010246e-10,0.1423427733001025,87.3366470336914,0.8908129110884997,0.038717509644552534,4.290459441148391,-1.2032980021796837,-1.2379130783623635
47,Gabon,32497900000.0,1974400.0,31,124,35,3.98041,16459.6,-0.79791,-0.10491099999999999,-0.9695889999999999,-0.6045520000000001,2.0160099270664505e-06,0.0020160099270664505,4.97314,8.974,12.227,1.2248206807209079e-10,0.1224820680720908,52.48893737792971,1.7872727522834535,2.58226019504391,3.4657359027997265,-0.2737106233547603,1.147689049879044
48,Georgia,35487600000.0,3940930.0,58,41,47,10.3538,9004.88,1.0086600000000001,-0.313291,0.29372600000000004,0.38366100000000003,2.627247883113884e-06,0.002627247883113884,7.72735,0.102769,1.07445,2.917582479513971e-10,0.2917582479513971,72.4989471435547,2.1664617727969344,0.7296960583070232,4.07753744390572,0.11949084698490295,-0.5898406454833626
49,Germany,3649310000000.0,82392000.0,80,11,83,826.4019999999997,44292.1,1.81702,0.681363,1.36378,1.62202,1.003012428391106e-05,0.01003012428391106,0.666319,0.0081633,0.0584717,2.2645431602138486e-10,0.22645431602138485,86.8944244384766,0.5106170020059846,0.056826075288275955,4.394449154672439,-1.597543569379737,-1.2209289589343528
50,Ghana,106867000000.0,28213000.0,41,78,35,13.4355,3787.86,-0.23251,-0.130929,0.5836060000000001,0.0487858,4.7621663772019997e-07,0.0004762166377201998,20.9769,1.06667,11.6513,1.2572169144824874e-10,0.12572169144824874,55.83280944824221,3.089991901722137,2.5377599766918024,3.7376696182833684,1.0771488617254914,1.1059520598857633
51,Greece,262440000000.0,10774000.0,45,67,47,68.2389,24358.5,0.148387,-0.121599,0.668495,0.107346,6.333664377204381e-06,0.0063336643772043824,3.57726,0.0109409,0.0872834,2.6001714677640603e-10,0.260017146776406,80.31309509277341,1.5211005658260888,0.08368229172944971,3.828641396489095,-0.5497188657264246,-1.1957403715887007
52,Grenada,1357040000.0,107320.0,52,53,47,0.284114,12644.8,0.084025,1.01893,0.817036,0.5689649999999999,2.647353708535221e-06,0.0026473537085352217,6.20639,0.0,0.0,2.0936302540824144e-10,0.20936302540824145,53.304840087890604,1.9749681324267445,0.0,3.970291913552122,-0.07907919824555083,-1.2742264352949797
53,Guatemala,119582000000.0,16584100.0,27,144,22,16.7256,7210.64,-0.202432,-0.542593,-0.291889,-1.0198399999999999,1.008532268859932e-06,0.001008532268859932,10.0094,0.0770888,1.99674,1.3986720409426167e-10,0.13986720409426168,63.1695976257324,2.398749453336826,1.0975250311511437,3.332204510175204,0.36036242445408273,-0.24485190773469334
54,Guinea,23002100000.0,12423400.0,28,138,35,2.79777,1851.51,-0.867674,-0.393875,-0.761686,-1.21607,2.2520163562309843e-07,0.00022520163562309833,17.5899,0.0,21.0993,1.2163106846766165e-10,0.12163106846766165,45.0120506286621,2.922618422482736,3.095545933813924,3.367295829986474,0.9035903076205266,1.6291024571847885
55,Guyana,5494550000.0,772968.0,37,93,35,2.1348,7108.38,-0.416516,-0.0260627,0.253539,-0.309114,2.76182196416928e-06,0.0027618219641692802,15.2001,0.0,25.0626,3.8853045290333146e-10,0.3885304529033313,53.54552841186521,2.7850174150587925,3.2605013364821147,3.6375861597263857,0.7609044293056773,1.7838150012002898
56,Honduras,39336500000.0,9112520.0,29,132,22,9.28918,4316.75,-0.5130279999999999,-0.433312,-0.43969899999999995,-1.1187,1.0193865143780206e-06,0.0010193865143780208,12.0499,0.0,2.16894,2.361465814192925e-10,0.2361465814192925,61.713077545165994,2.568780470904094,1.1533971471120625,3.4011973816621555,0.5366767228487589,-0.19244915486923822
57,Hungary,248450000000.0,9809900.0,46,64,59,49.4891,25326.4,0.603422,0.654679,0.401252,0.423058,5.044811873719406e-06,0.005044811873719407,3.87207,0.06849889999999999,0.255659,1.9919138659690082e-10,0.1991913865969008,84.1970977783203,1.5835188981204718,0.22766053436878794,3.8501476017100584,-0.4849939430452086,-1.0607024168366521
58,Iceland,15568300000.0,332840.0,76,14,83,3.2326599999999996,46774.1,1.27685,1.36162,1.35605,1.51954,9.712354284340823e-06,0.009712354284340823,4.59204,0.0,0.000250379,2.0764373759498463e-10,0.20764373759498467,70.6239013671875,1.7213441579817486,0.0002503476604091657,4.343805421853684,-0.3420755253283287,-1.2739916329010978
59,India,7962030000000.0,1326110000.0,41,78,47,2154.76,6004.06,-0.306505,-0.9538399999999999,0.440187,-0.0288772,1.6248727481129018e-06,0.0016248727481129018,16.2498,0.235021,1.83767,2.7062947514641367e-10,0.2706294751464137,56.774929046630895,2.847800549207257,1.0429832929071483,3.7376696182833684,0.8260076346312937,-0.29600689230788607
60,Indonesia,2754650000000.0,261461000.0,38,89,47,513.149,10535.6,-0.12234400000000001,-0.372952,0.166679,-0.34475100000000003,1.9626215764492603e-06,0.00196262157644926,13.4787,0.649637,3.05878,1.86284645962282e-10,0.18628464596228198,62.0363655090332,2.6726786039216694,1.400882435845853,3.6635616461296463,0.6444142797345978,0.039668605489507874
61,Iraq,693340000000.0,37202600.0,18,168,10,120.478,18636.9,-1.12507,-2.31359,-1.0167899999999999,-1.6255899999999999,3.2384295721266788e-06,0.003238429572126679,3.8,31.1565,31.3419,1.7376467533966018e-10,0.17376467533966014,42.308910369873,1.5686159179138452,3.476363603196238,2.9444389791664403,-0.500447644003515,1.9862733620669066
62,Ireland,293455000000.0,4762600.0,73,18,71,37.5098,61616.7,1.7409700000000001,0.8478190000000001,1.29098,1.51724,7.875908117414857e-06,0.007875908117414857,0.940397,0.0,0.0997523,1.2782130139203623e-10,0.12782130139203626,83.5280227661133,0.6628925913147545,0.0950849726289107,4.30406509320417,-1.439640828598986,-1.1850457369055243
63,Israel,275424000000.0,8194350.0,61,34,59,70.4422,33611.4,1.31263,-0.794536,0.7866029999999999,1.07218,8.596435348746392e-06,0.008596435348746392,1.20963,0.00145742,0.16675299999999998,2.5575912048332754e-10,0.25575912048332755,75.7312850952148,0.7928250806987527,0.1542246770893933,4.127134385045092,-1.3049068486923487,-1.129578295515861
64,Italy,2039770000000.0,60618000.0,52,53,59,356.12199999999996,33649.7,0.710592,0.369415,1.03399,0.32916,5.874855653436272e-06,0.005874855653436273,1.88173,0.0242829,0.0494236,1.7458929192997249e-10,0.1745892919299725,82.15000915527341,1.058390808247609,0.04824106105895651,3.970291913552122,-1.0295274761497824,-1.228980889155147
65,Jamaica,23165100000.0,2880180.0,44,70,35,8.765130000000001,8042.94,0.16384300000000002,0.307684,0.681261,-0.20327,3.0432577130596e-06,0.0030432577130596,6.5971,0.0,1.2312299999999998,3.783765233044537e-10,0.3783765233044537,64.3552780151367,2.0277665955251454,0.8025530029202048,3.8066624897703196,-0.024329634838222165,-0.5215077320535716
66,Japan,4740050000000.0,127716000.0,73,18,71,1202.52,37114.0,1.42812,0.982944,0.9879049999999999,1.42099,9.415578314385042e-06,0.009415578314385041,1.21108,0.00148938,0.0257402,2.536935264395945e-10,0.2536935264395945,77.29978942871091,0.7934810839434802,0.025414498309629694,4.30406509320417,-1.304226603678859,-1.25039004300494
67,Jordan,77707300000.0,9369170.0,49,58,35,24.5321,8293.94,0.051679499999999996,-0.49239799999999995,-0.713007,0.3043,2.618385620070935e-06,0.002618385620070935,5.2461400000000005,0.000678472,1.2016,3.156987824824695e-10,0.31569878248246946,74.3131790161133,1.83196367295487,0.7891843687568875,3.912023005428146,-0.22736820633266855,-0.5340462446937412
68,Kazakhstan,408057000000.0,17955200.0,31,124,35,279.283,22726.4,-0.09970069999999999,0.00845748,-1.20755,-0.4350890000000001,1.555443548387097e-05,0.01555443548387097,4.556,7.14542,12.3944,6.844215391477172e-10,0.6844215391477172,59.09753036499021,1.7148784248920974,2.5948367091601963,3.4657359027997265,-0.34878019139231947,1.1594846289404426
69,Kenya,138918000000.0,48487400.0,27,144,22,17.8866,2865.03,-0.30033000000000004,-1.35479,-0.115443,-0.4405520000000001,3.688917120736522e-07,0.00036889171207365215,31.0723,0.0,2.69254,1.287565326307606e-10,0.1287565326307606,55.4344825744629,3.4679927292500623,1.3063145681338504,3.332204510175204,1.469118230913241,-0.049027097465280105
70,Kuwait,268528000000.0,4009210.0,41,78,35,98.3647,66977.8,-0.073882,-0.0496832,-0.628963,0.027930299999999998,2.4534683890342485e-05,0.024534683890342485,0.518517,31.6395,32.147,3.6631077578502055e-10,0.3663107757850205,69.2024765014648,0.4177342006994788,3.5009522147991476,3.7376696182833684,-1.693858736927386,2.0093351508495836
71,Latvia,45772200000.0,1950120.0,58,41,59,8.41797,23471.5,1.0802399999999999,0.47906899999999997,0.84249,0.958983,4.316642052796751e-06,0.00431664205279675,3.20553,0.0,1.02146,1.8391010263871962e-10,0.1839101026387196,75.4191131591797,1.4364003259105458,0.7038200226162494,4.07753744390572,-0.6375490956940925,-0.6141099161225807
72,Lebanon,78065500000.0,5885140.0,28,138,22,23.26,13264.9,-0.34316199999999997,-1.61897,-0.520428,-0.8304969999999999,3.952327387283905e-06,0.003952327387283905,2.90483,0.0,0.00124701,2.979549224689524e-10,0.2979549224689524,65.1069717407227,1.3622142484131623,0.001246233128806915,3.367295829986474,-0.7144766256927263,-1.2730575866566483
73,Lesotho,6204920000.0,2204160.0,41,78,59,0.712526,2815.09,-0.38759,-0.236465,0.033744800000000005,-0.168291,3.232641913472706e-07,0.00032326419134727063,5.8687,0.0,6.3415599999999985,1.1483242330279841e-10,0.11483242330279846,51.4799385070801,1.9269748597984409,1.9935513541042058,3.7376696182833684,-0.12884600145706526,0.5955359164081252
74,Liberia,5308960000.0,4620470.0,32,120,22,1.1645299999999998,1149.01,-0.948493,-0.437408,-0.10750799999999999,-0.945159,2.520371304217969e-07,0.00025203713042179694,37.2422,0.0,23.6958,2.193518127844248e-10,0.2193518127844248,53.1868553161621,3.643939617909087,3.206633188689579,3.4965075614664802,1.6515670139205485,1.733291780671707
75,Lithuania,78404100000.0,2847900.0,59,38,59,13.9695,27530.5,1.13622,0.8282799999999999,0.99997,1.02936,4.905193300326557e-06,0.004905193300326557,3.0773900000000003,0.0206936,0.376167,1.7817308023432446e-10,0.1781730802343245,78.7786407470703,1.4054570778346067,0.3193020984259306,4.0943445622221,-0.6696358122980391,-0.9747513095464021
76,Luxembourg,53497500000.0,580210.0,81,9,83,10.1962,92203.7,1.7220799999999998,1.4194799999999999,1.50021,1.76036,1.7573292428603436e-05,0.017573292428603438,0.224068,0.0,0.012339200000000002,1.905920837422309e-10,0.19059208374223094,82.0016860961914,0.20217973810253712,0.012263692571334256,4.406719247264253,-1.9173787415852745,-1.2627242532139742
77,Madagascar,33506800000.0,24925400.0,25,152,35,3.84001,1344.28,-0.689742,-0.290095,-0.313077,-0.813404,1.5406011538430677e-07,0.00015406011538430676,21.4354,0.0709629,11.3137,1.1460390129764704e-10,0.11460390129764705,46.7839241027832,3.110640068553607,2.5107124636780362,3.258096538021482,1.0985600554012958,1.0805840544736005
78,Malawi,19205900000.0,18115600.0,32,120,47,1.05403,1060.19,-0.844849,-0.113479,-0.030775599999999997,-0.37533099999999997,5.818355450550907e-08,5.818355450550907e-05,25.927,0.0,11.0401,5.488053150334011e-11,0.054880531503340116,46.2368278503418,3.2931295006923413,2.488242745494024,3.4965075614664802,1.2877931532932996,1.0595095870276776
79,Malaysia,784953000000.0,31237900.0,47,61,47,215.71599999999998,25128.2,0.711795,0.136825,-0.418371,0.49914899999999995,6.905585842838347e-06,0.006905585842838346,8.65364,1.70721,5.51005,2.7481390605552183e-10,0.2748139060555218,79.2790451049805,2.2673350463006163,1.8733471366825345,3.871201010907891,0.2240917645059645,0.48279574556263044
80,Maldives,5970570000.0,364000.0,31,124,35,1.65195,16402.7,-0.457905,0.420993,-0.733073,-0.407596,4.538324175824176e-06,0.004538324175824175,5.63056,0.0,0.00651237,2.7668212582718234e-10,0.2766821258271823,50.65161514282229,1.8916892651858943,0.006491256136443659,3.4657359027997265,-0.1654355305121908,-1.2681382518558137
81,Mali,44354500000.0,18031200.0,32,120,35,3.38734,2459.88,-0.590875,-1.61723,-0.183506,-0.782162,1.8785993167398727e-07,0.00018785993167398733,38.3677,0.0,12.3975,7.636970318682432e-11,0.07636970318682433,50.2632713317871,3.6729456831322844,2.595068122386868,3.4965075614664802,1.6816449615338125,1.1597016726288465
82,Malta,16363000000.0,460297.0,54,51,59,7.821639999999999,35548.8,1.15679,1.08044,1.19631,0.9977590000000001,1.6992593912191477e-05,0.016992593912191475,1.21771,0.0,0.0,4.780077002994561e-10,0.4780077002994561,77.5127487182617,0.7964751319578536,0.0,4.007333185232471,-1.3011219144135289,-1.2742264352949797
83,Mauritania,15050300000.0,4302630.0,27,144,35,2.61943,3497.93,-0.743002,-0.7469680000000001,-0.775239,-0.726432,6.087974099562361e-07,0.0006087974099562363,23.9902,0.574156,20.841,1.7404503564712996e-10,0.17404503564712995,51.101844787597706,3.218483748016116,3.0837889373742744,3.332204510175204,1.2103889614019916,1.6180755080837748
84,Mauritius,24246200000.0,1262390.0,51,56,59,6.0273900000000005,19206.6,1.02976,1.01319,0.8190390000000001,0.751672,4.774586300588567e-06,0.004774586300588565,3.18793,0.0,0.00358581,2.485911194331483e-10,0.2485911194331483,69.5999374389648,1.4322065784464444,0.0035793963109293503,3.9512437185814275,-0.6418978177823136,-1.270869300576467
85,Mexico,2145030000000.0,127740000.0,28,138,22,452.58099999999996,16792.2,0.287122,-0.629069,-0.069213,-0.556211,3.542985752309378e-06,0.003542985752309379,3.34955,1.22232,2.27688,2.109905222770777e-10,0.21099052227707768,70.4628067016602,1.4700723914735887,1.1868917501874785,3.367295829986474,-0.6026327216101774,-0.16103438961289349
86,Moldova,20239900000.0,3553100.0,33,117,47,7.6079399999999975,5696.41,-0.11488599999999999,-0.30356,-0.0212144,-0.494989,2.14121189946807e-06,0.00214121189946807,11.3987,0.0106009,0.33868200000000004,3.7588822079160467e-10,0.3758882207916047,66.9958343505859,2.517591628405352,0.2916855478389866,3.5263605246161616,0.4835962615309843,-1.0006530183060316
87,Mongolia,33944700000.0,3023380.0,37,93,47,16.7791,11227.4,-0.0763125,0.797793,0.331928,-0.22019699999999998,5.549782032030376e-06,0.005549782032030375,11.6894,1.50769,25.1767,4.943069168382694e-10,0.4943069168382693,64.0908966064453,2.5407669992846222,3.264869702116564,3.6375861597263857,0.5076280488782449,1.787912114417339
88,Montenegro,9459120000.0,628422.0,45,67,47,2.21769,15052.2,0.224433,0.276631,0.0759906,-0.00568145,3.528982117112387e-06,0.0035289821171123866,7.46824,0.0,1.02552,2.344499276888336e-10,0.2344499276888337,69.032096862793,2.1363226948643788,0.7058264577170189,3.828641396489095,0.08823801761311667,-0.6122280700367846
89,Morocco,255334000000.0,35256800.0,43,73,35,52.8825,7242.12,-0.23495,-0.312573,-0.626316,-0.158313,1.499923419028386e-06,0.001499923419028386,11.993,0.00734429,2.21155,2.0711107803896073e-10,0.2071110780389608,67.0068283081055,2.5644107509005996,1.1667536866432449,3.784189633918261,0.5321455253789062,-0.1799219858484729
90,Mozambique,31836300000.0,28870400.0,23,158,22,9.66452,1102.73,-0.7045600000000001,-1.094,-0.4182520000000001,-1.05131,3.347553203280869e-07,0.00033475532032808687,22.618,0.07188639999999999,17.5869,3.035691961691528e-10,0.3035691961691528,48.2142562866211,3.16200913317909,2.9224570315073692,3.1780538303479458,1.1518273987261665,1.4667614608697792
91,Myanmar,274870000000.0,52884600.0,29,132,22,27.0065,5197.54,-0.868316,-0.80462,-0.797783,-0.886977,5.106685121944763e-07,0.0005106685121944763,25.4685,0.140039,6.7668,9.82519008986066e-11,0.0982519008986066,39.8046455383301,3.2759553467073683,2.0498582391381617,3.4011973816621555,1.2699843502072115,0.6483464414851042
92,Namibia,23848200000.0,2479760.0,53,52,59,3.85431,9617.14,-0.135936,0.71009,0.5822149999999999,0.362666,1.5543076749362842e-06,0.0015543076749362842,6.10992,0.0,4.08419,1.6161848692983117e-10,0.16161848692983116,58.874416351318395,1.9614909919937609,1.6261357247768014,3.9889840465642745,-0.09305436932789733,0.250934855728464
93,Nepal,66244500000.0,28977100.0,31,124,35,6.1829300000000025,2286.1,-0.764532,-0.8468120000000001,-0.252871,-0.795469,2.133729738310597e-07,0.00021337297383105966,29.1492,0.0,1.3040200000000002,9.333499384854592e-11,0.09333499384854592,45.5896606445312,3.4061583888244784,0.8346554233515248,3.4657359027997265,1.4049988807804263,-0.4913987022573474
94,Netherlands,800064000000.0,17043100.0,82,8,83,248.65200000000002,46943.6,1.97617,0.9122680000000001,1.5402799999999999,1.89441,1.4589599309984686e-05,0.014589599309984684,1.76653,0.0147969,0.28737,3.107901367890569e-10,0.3107901367890569,90.2375335693359,1.01759382732398,0.25260137758406603,4.418840607796598,-1.0718320578142713,-1.0373102681630546
95,New Zealand,163069000000.0,4659580.0,87,2,83,37.5117,34996.5,2.03828,1.51918,1.53241,1.9544700000000002,8.050446606775717e-06,0.008050446606775721,6.56941,0.132359,1.01123,2.3003575173699484e-10,0.23003575173699475,78.0020446777344,2.02411512517812,0.6987464752103771,4.477336814478207,-0.02811604064556284,-0.6188684230502056
96,Nicaragua,30907500000.0,6148940.0,25,152,22,5.39717,5026.48,-0.5067050000000001,-0.0887977,-0.681534,-0.644227,8.777399031377766e-07,0.0008777399031377768,14.9153,0.0,3.6466,1.7462331149397398e-10,0.17462331149397395,60.678615570068395,2.7672809106977705,1.5361357693590503,3.258096538021482,0.742512494897883,0.16652342185763502
97,Niger,18585200000.0,20732500.0,34,114,35,2.24872,896.428,-0.671357,-1.10331,-0.42279700000000003,-0.661077,1.0846352345351503e-07,0.00010846352345351504,38.7842,1.32865,13.4238,1.2099520048210404e-10,0.12099520048210405,48.34875106811521,3.683469848546393,2.6688796200256286,3.5553480614894135,1.692558034146837,1.2289298663865094
98,Nigeria,990122000000.0,186176000.0,27,144,22,97.1037,5318.2,-0.9188930000000001,-1.8777099999999998,-0.320183,-1.01725,5.215693752148504e-07,0.0005215693752148506,20.9831,2.80315,4.85953,9.807245975748444e-11,0.09807245975748444,54.93033599853521,3.0902739763372917,1.768069395594189,3.332204510175204,1.077441360050665,0.3840551957623538
99,Norway,332520000000.0,5240470.0,84,7,83,43.2387,63452.3,1.69796,1.20007,1.66425,2.03633,8.250920241886701e-06,0.008250920241886702,2.07813,2.68045,4.12916,1.300333814507398e-10,0.1300333814507398,85.81146240234379,1.1243222697424795,1.6349419030853218,4.442651256490317,-0.9611596010295578,0.25919421690807853
100,Oman,166236000000.0,4389790.0,52,53,47,68.4576,37868.8,0.610466,0.760053,-1.05441,0.40791700000000003,1.5594732322047296e-05,0.015594732322047297,2.26193,18.1573,19.6681,4.118097163069371e-10,0.4118097163069371,63.11948013305661,1.1823190447411018,3.0285914488107557,3.970291913552122,-0.9010196286919194,1.5663054918200074
101,Pakistan,896298000000.0,193177000.0,33,117,35,175.707,4639.78,-0.639584,-2.48317,-0.700991,-0.8043779999999999,9.095648032633284e-07,0.0009095648032633283,23.2152,0.222395,0.931522,1.9603636290608703e-10,0.19603636290608706,51.700382232665994,3.1869805351644667,0.6583082931706445,3.5263605246161616,1.1777215872335152,-0.6567956077166792
102,Panama,83118400000.0,4033260.0,37,93,35,25.4585,20608.2,0.360629,0.41143,0.523939,0.0495611,6.312139559562239e-06,0.00631213955956224,2.6019,0.0,0.208337,3.062919882962136e-10,0.3062919882962136,69.8917770385742,1.2814614840141354,0.189245034116683,3.6375861597263857,-0.7982135061875584,-1.0967325175638554
103,Papua New Guinea,25287200000.0,8087000.0,28,138,22,6.097,3126.9,-0.55599,-0.504772,0.15724200000000002,-0.776429,7.539260541609992e-07,0.0007539260541609992,17.8665,2.11856,22.3526,2.4111012686260244e-10,0.24111012686260244,53.6831741333008,2.9373878625797465,3.150708326952465,3.367295829986474,0.9189055336636596,1.6808395572639763
104,Paraguay,75552100000.0,6724560.0,29,132,22,7.208710000000001,11235.2,-0.299976,0.14179,-0.062343499999999996,-0.729748,1.0719972756581842e-06,0.0010719972756581843,10.7513,0.0,1.6907299999999998,9.541376083523821e-11,0.0954137608352382,63.5042877197266,2.4639638727680753,0.9898125322627707,3.4011973816621555,0.4279867601297069,-0.3458760297442512
105,Peru,373980000000.0,31763800.0,35,105,35,55.0172,11773.8,0.508346,-0.201727,0.267631,-0.482023,1.7320723591006115e-06,0.0017320723591006115,6.93462,0.12563,7.33982,1.471126798224504e-10,0.1471126798224504,67.97641754150389,2.071235463732724,2.121041633403932,3.58351893845611,0.020745570319552906,0.7151097231986983
106,Philippines,732704000000.0,103514000.0,36,99,35,110.742,7078.27,-0.00410138,-1.37982,0.162109,-0.354934,1.06982630368839e-06,0.00106982630368839,9.65524,0.0391826,1.23082,1.5114152509062322e-10,0.15114152509062326,64.0764617919922,2.3660517899332256,0.8023692308866535,3.6109179126442243,0.32645646032685943,-0.5216800928151456
107,Poland,957418000000.0,37970800.0,60,36,59,307.402,25214.6,0.951996,0.507242,0.84349,0.6362180000000001,8.095747258419628e-06,0.008095747258419628,2.38073,0.025629500000000003,0.833353,3.210739718701758e-10,0.32107397187017583,78.7224426269531,1.218091662506758,0.6061465307855061,4.110873864173311,-0.8639250791601123,-0.7057184003527585
108,Portugal,273194000000.0,10321500.0,64,30,59,55.1982,26468.5,0.844399,0.974051,1.15696,1.09724,5.347885481761372e-06,0.005347885481761372,1.95354,0.0,0.266921,2.0204762915730213e-10,0.20204762915730207,82.2079086303711,1.0830044509272105,0.23658954738240617,4.174387269895637,-1.0040042674900782,-1.0523278483378975
109,Qatar,297335000000.0,2543590.0,62,33,47,102.484,116896.0,0.695944,0.900235,-1.1523,0.7942779999999999,4.029108464807615e-05,0.04029108464807615,0.183956,11.732,15.3526,3.4467519800897974e-10,0.3446751980089797,73.2133026123047,0.16886137360912154,2.7943869061074267,4.143134726391533,-1.9519283440246682,1.3466438133571026
110,Romania,405077000000.0,19687800.0,47,61,47,71.6766,20575.0,0.587475,0.27719699999999997,0.539775,0.360989,3.6406607137415047e-06,0.0036406607137415047,4.06174,0.242022,0.683528,1.769456177467494e-10,0.17694561774674936,77.87835693359379,1.6217102977062134,0.5208915914973137,3.871201010907891,-0.4453912286757155,-0.7856794585164317
111,Rwanda,20705200000.0,11921100.0,56,48,59,0.987123,1736.85,0.107119,-0.054899300000000005,-1.15701,0.101849,8.280469084228805e-08,8.280469084228804e-05,29.3095,0.0,6.2575699999999985,4.7675125089349536e-11,0.04767512508934953,52.322444915771506,3.4114611947277753,1.9820450620647594,4.04305126783455,1.4104976451573028,0.5847441042891315
112,Saudi Arabia,1593750000000.0,32187600.0,49,58,22,656.578,49514.4,0.0793312,-0.46482799999999996,-1.72922,0.337608,2.039847643191788e-05,0.020398476431917882,2.68562,19.4341,20.0307,4.119705098039216e-10,0.4119705098039216,62.8050346374512,1.3044387611497001,3.045983274942865,3.912023005428146,-0.7743871328873199,1.5826173774718304
113,Senegal,44811700000.0,15421600.0,45,67,47,8.60316,2905.77,-0.143072,-0.218255,0.369219,-0.106501,5.57864294236655e-07,0.0005578642942366552,14.4141,0.0,4.47389,1.919846825717391e-10,0.1919846825717391,60.4805793762207,2.7352826749434245,1.6999895154220606,3.828641396489095,0.7093318048825276,0.3202027163204569
114,Serbia,95269800000.0,7058320.0,39,87,35,47.5103,13497.5,0.0562996,0.140154,0.199048,-0.15925,6.731105985560304e-06,0.006731105985560304,6.8021,0.0848944,1.1598700000000002,4.986921353881293e-10,0.4986921353881293,75.2847366333008,2.054392928228677,0.7700480346996876,3.6888794541139363,0.003280640255197887,-0.5519943135489044
115,Seychelles,2259570000.0,94216.0,66,28,71,1.1520299999999999,23982.9,-0.259155,0.733005,0.158111,0.150875,1.2227540969686678e-05,0.012227540969686678,2.00964,0.0,0.115672,5.098447934784051e-10,0.5098447934784052,63.285400390625,1.1018204702790715,0.10945691395001232,4.204692619390966,-0.9844929259826881,-1.1715662171792032
116,Sierra Leone,9885780000.0,7399010.0,30,129,35,0.986173,1336.09,-0.9254889999999999,-0.159926,-0.199254,-0.777361,1.332844529200528e-07,0.00013328445292005281,58.2087,0.0,12.401,9.975672127034992e-11,0.09975672127034993,46.964805603027294,4.081068490551936,2.595329331038091,3.4339872044851463,2.104849430216083,1.159946661603417
117,Singapore,458821000000.0,5607280.0,85,3,83,255.185,81825.9,2.1806099999999997,1.49576,-0.150454,1.8252400000000002,4.5509587536202945e-05,0.04550958753620294,0.0309277,0.0,0.000441298,5.56175501993152e-10,0.556175501993152,80.0117950439453,0.03045907648469986,0.00044120065667474495,4.454347296253507,-2.0954451226856547,-1.2738126308671684
118,Slovenia,60470400000.0,2065900.0,60,36,71,13.5945,29270.7,0.640269,0.9904360000000001,1.01017,1.08267,6.580424996369623e-06,0.006580424996369621,1.94541,6.73235e-05,0.272819,2.248124702333704e-10,0.2248124702333704,79.7621383666992,1.0802480264287624,0.2412341256484388,4.110873864173311,-1.0068625521635175,-1.0479716738337959
119,South Africa,672566000000.0,56088600.0,43,73,47,510.751,11991.1,0.211844,-0.141504,0.647684,0.116231,9.10614634702952e-06,0.00910614634702952,2.22406,0.00513507,5.05525,7.594065117772828e-10,0.7594065117772828,68.6301651000977,1.1706414348930463,1.8009256643442988,3.784189633918261,-0.9131287698165504,0.41487126388115037
120,Spain,1537470000000.0,46495000.0,58,41,47,286.124,33067.3,1.0086,0.413188,1.04105,0.978825,6.153866007097537e-06,0.006153866007097538,2.69016,0.00138326,0.0744008,1.861005417991896e-10,0.1861005417991896,83.3081130981445,1.3056698175460038,0.07176311082825172,4.07753744390572,-0.7731105843616212,-1.2069194343534084
121,Sri Lanka,237770000000.0,20788000.0,38,89,35,24.2622,11437.8,-0.100036,-0.00402954,-0.0821306,0.11059200000000001,1.1671252645757168e-06,0.0011671252645757168,7.4268,0.0,0.145763,1.0204062749716112e-10,0.10204062749716113,54.4507446289062,2.131417103270178,0.13607079062245736,3.6635616461296463,0.08315114609686447,-1.146604921583501
122,Sudan,198875000000.0,39626500.0,16,172,22,18.9488,5018.74,-1.4914399999999999,-2.33722,-1.83765,-1.25819,4.781850529317501e-07,0.0004781850529317501,31.2,0.654515,4.73815,9.5279949717159e-11,0.095279949717159,41.816089630127,3.4719664525503626,1.7471368587302119,2.833213344056216,1.4732387981234552,0.36442245880108853
123,Suriname,7592770000.0,558117.0,43,73,35,2.0583299999999998,13604.3,-0.626957,0.162081,0.41523999999999994,-0.154877,3.6879901526024115e-06,0.0036879901526024115,9.87479,3.05643,30.2151,2.710907876835463e-10,0.2710907876835463,44.8901214599609,2.386447266443473,3.4409019520965947,3.784189633918261,0.34760562583077526,1.9530136920720307
124,Sweden,451782000000.0,9941100.0,85,3,83,53.4077,45445.9,1.8542,1.01794,1.5639,2.01903,5.372413515606925e-06,0.005372413515606925,1.12047,0.0,0.435391,1.1821564382821806e-10,0.11821564382821804,88.0540390014648,0.7516377622257335,0.3614372859649177,4.454347296253507,-1.3476161923358136,-0.9352324944528482
125,Switzerland,457510000000.0,8419550.0,85,3,83,39.7598,54339.0,1.9119,1.30629,1.53179,1.94754,4.722318888776717e-06,0.004722318888776716,0.664239,0.0,0.0100801,8.690476710891564e-11,0.08690476710891565,89.69720458984379,0.5093679618929359,0.01002963463923271,4.454347296253507,-1.598838766187648,-1.2648195879563509
126,Tajikistan,22544700000.0,8733970.0,25,152,22,5.440519999999999,2581.27,-1.09314,-0.77776,-1.69176,-1.14801,6.229148943722042e-07,0.0006229148943722042,20.3761,0.0314339,4.326980000000002,2.413214635812408e-10,0.2413214635812408,45.4659080505371,3.0622734754870056,1.672784473469395,3.258096538021482,1.0484061361676777,0.29468696368389924
127,Tanzania,136526000000.0,55658900.0,36,99,35,14.4736,2452.91,-0.435308,-0.44099499999999997,-0.223796,-0.376701,2.6004107159861217e-07,0.0002600410715986122,27.4441,0.0,6.80784,1.0601350658482632e-10,0.10601350658482632,48.056667327880895,3.347940757695024,2.0551283570975527,3.6109179126442243,1.3446298908534626,0.6532893129738256
128,Thailand,1060970000000.0,68882500.0,36,99,35,342.339,15402.6,0.16807,-0.9885809999999999,-1.02511,-0.00487571,4.969898014735237e-06,0.0049698980147352394,8.45069,0.44884,1.59833,3.2266605087797014e-10,0.3226660508779701,68.1467361450195,2.246087754713138,0.9548689309671703,3.6109179126442243,0.2020593061778757,-0.378649818089822
129,Timor-Leste,6861370000.0,1269060.0,35,105,35,0.53191,5406.66,-0.9773059999999999,-0.010503799999999999,0.21950999999999998,-1.15814,4.1913699903865853e-07,0.0004191369990386585,10.7381,14.0617,33.3458,7.752241899212545e-11,0.07752241899212547,52.697052001953104,2.462839961438753,3.5364797404503236,3.58351893845611,0.4268213160811884,2.0426566049345145
130,Togo,11054100000.0,7610300.0,30,129,35,2.58506,1452.52,-0.7933020000000001,-0.172354,-0.5459,-0.633554,3.396791190886036e-07,0.00033967911908860374,26.3931,0.0,18.4851,2.338553116038393e-10,0.2338553116038393,53.63244247436521,3.310291156863313,2.969650070930441,3.4339872044851463,1.3055889967245042,1.5110240619781166
131,Trinidad and Tobago,41232700000.0,1363620.0,41,78,35,49.3194,30237.7,0.08672260000000001,0.286352,0.557951,-0.15407200000000001,3.616799401592819e-05,0.036167994015928184,0.487294,1.88763,4.9856099999999985,1.1961234651138534e-09,1.1961234651138537,63.731773376464794,0.396958361452425,1.7893582552866385,3.7376696182833684,-1.715402320991133,0.4040221297877469
132,Tunisia,120206000000.0,11399600.0,43,73,47,22.8696,10544.8,-0.47009300000000004,-1.14133,0.303427,-0.00310121,2.0061756552861504e-06,0.0020061756552861502,9.45867,1.31621,2.29855,1.902533983328619e-10,0.1902533983328619,64.859748840332,2.347431299500771,1.1934829779712368,3.784189633918261,0.30714787326236015,-0.15485244223732236
133,Turkey,1815580000000.0,79615100.0,41,78,47,366.084,22804.5,0.196143,-2.00906,-0.608911,-0.208644,4.598172959652127e-06,0.004598172959652126,6.18375,0.0360994,0.301416,2.016347393119554e-10,0.2016347393119554,70.8728485107422,1.9718215308398142,0.26345290245529907,3.7376696182833684,-0.08234207850742843,-1.0271325656318258
134,Uganda,75998600000.0,41553400.0,26,149,22,4.7108099999999995,1828.94,-0.21314699999999998,-0.7153229999999999,-0.650014,-0.251176,1.1336761853422346e-07,0.00011336761853422343,23.6543,0.0,14.6258,6.198548394312526e-11,0.06198548394312526,52.6559867858887,3.2049513274660986,2.74892339431179,3.295836866004329,1.1963564673959253,1.304003345351758
135,Ukraine,320937000000.0,42800000.0,32,120,35,223.957,7498.53,-0.429534,-1.85648,0.000596148,-0.7662939999999999,5.232640186915888e-06,0.005232640186915888,11.7257,0.207395,3.609280000000001,6.978223140367112e-10,0.6978223140367112,70.601806640625,2.5436235707467842,1.5280716625982642,3.4965075614664802,0.5105901813195572,0.15896005350477538
136,United Arab Emirates,614766000000.0,9286080.0,70,23,47,288.876,66203.0,0.9725959999999999,0.564749,-1.0504200000000001,0.8490409999999999,3.1108497880698855e-05,0.03110849788069885,0.776055,10.8279,11.3467,4.698958628160958e-10,0.4698958628160958,74.3968811035156,0.5743946125589336,2.513388820890242,4.2626798770413155,-1.531409138034095,1.0830942240485097
137,United Kingdom,2561880000000.0,65687900.0,80,11,71,480.68,39000.9,1.7607099999999998,0.360454,1.29464,1.6915099999999998,7.317633841240167e-06,0.007317633841240169,0.581257,0.215952,0.293216,1.8762783580807843e-10,0.18762783580807849,87.2332992553711,0.458220100361365,0.25713213920213,4.394449154672439,-1.6518767321385324,-1.0330608428946477
138,Uruguay,67787000000.0,3444120.0,70,23,59,7.5194,19682.0,0.4894560000000001,1.0625799999999999,1.16297,0.630394,2.1832572616517425e-06,0.0021832572616517425,5.89194,0.0,1.75927,1.1092687388437313e-10,0.11092687388437313,70.97991943359379,1.9303526128819957,1.0149661519910582,4.2626798770413155,-0.125343427787871,-0.32228431685449627
139,Uzbekistan,188391000000.0,31428000.0,23,158,22,92.949,5994.37,-1.61992,-0.272571,-1.8869,-1.1068200000000001,2.957521954944635e-06,0.0029575219549446354,30.8373,0.472338,8.810189999999997,4.933834418841664e-10,0.4933834418841664,42.625938415527294,3.460638558385569,2.283421641381559,3.1780538303479458,1.4614922959820764,0.8674067909219644
140,Vietnam,540764000000.0,94529300.0,33,117,35,218.767,5720.6,-0.453793,0.233592,-1.3749799999999999,0.0753607,2.3142771606263882e-06,0.002314277160626388,16.3196,1.07062,2.62365,4.0455170832377896e-10,0.40455170832377896,59.7000389099121,2.851838808179381,1.2874818051502963,3.5263605246161616,0.8301951223473182,-0.06669044540598063
141,Zambia,59353400000.0,16616300.0,35,105,35,3.6222300000000014,3572.0,-0.4835930000000001,0.142808,-0.30611,-0.30044,2.1799257355729013e-07,0.0002179925735572901,6.22847,0.0,15.3296,6.10281803569804e-11,0.0610281803569804,55.295623779296896,1.978027395519109,2.792979411887515,3.58351893845611,-0.0759068839616492,1.345323717089097
142,Zimbabwe,29444000000.0,16158000.0,22,160,22,10.4808,1822.26,-1.7201099999999998,-0.619938,-1.18099,-1.3682299999999998,6.486446342369104e-07,0.0006486446342369107,7.873989999999999,0.0,6.73775,3.559570710501291e-10,0.3559570710501291,51.1003494262695,2.183124526068546,2.046110947666458,3.1354942159291497,0.13676935119220432,0.6448318370079106
