,country,gdp_usd,population,CPI,rank,GI_risk,co2_mmt,gdp_capita,regulatory_quality,political_stability,accountability,rule_of_law,co2_mmt_capita,co2_kg_capita
0,Afghanistan,59638900000.0,34600200.0,16,172,10,8.54149,1723.66,-1.32769,-2.67105,-1.03984,-1.49819,2.468624458818157e-07,0.0002468624458818157
1,Albania,30875800000.0,2927090.0,36,99,35,4.22116,10548.3,0.189022,0.344645,0.169949,-0.328867,1.4421011994848126e-06,0.0014421011994848127
2,Algeria,553624000000.0,40563900.0,35,105,35,138.723,13648.2,-1.17188,-1.09753,-0.863169,-0.857401,3.419863474665898e-06,0.0034198634746658977
3,Angola,176813000000.0,28852900.0,19,165,22,21.417,6128.08,-1.00138,-0.315899,-1.14293,-1.08732,7.422824048882435e-07,0.0007422824048882435
4,Argentina,799476000000.0,43897900.0,40,85,35,194.1,18212.2,-0.469625,0.204626,0.492563,-0.393606,4.421623813439823e-06,0.004421623813439823
5,Armenia,23446700000.0,2921300.0,35,105,35,5.2198,8026.12,0.250056,-0.662264,-0.579335,-0.11913,1.7868072433505631e-06,0.001786807243350563
6,Australia,1088900000000.0,24246000.0,77,13,71,411.729,44910.7,1.89697,1.04796,1.35101,1.75552,1.698131650581539e-05,0.01698131650581539
7,Austria,383118000000.0,8745720.0,76,14,71,68.1012,43806.3,1.44044,0.909639,1.33742,1.81497,7.78680314485257e-06,0.007786803144852569
8,Azerbaijan,155209000000.0,9713940.0,25,152,35,35.1174,15978.0,-0.282023,-0.803879,-1.5631,-0.519861,3.615155127579541e-06,0.003615155127579541
9,Bahrain,61076200000.0,1348410.0,36,99,35,38.1075,45295.0,0.608239,-0.793426,-1.37213,0.456381,2.8261063029790645e-05,0.028261063029790645
10,Bangladesh,569985000000.0,162916000.0,26,149,22,79.2048,3498.64,-0.79668,-1.26194,-0.585298,-0.663492,4.861695597731346e-07,0.00048616955977313464
11,Barbados,4731870000.0,284887.0,68,25,71,1.75655,16609.6,0.481065,0.97661,1.08573,0.795123,6.1657780102286175e-06,0.006165778010228618
12,Belarus,155762000000.0,9471700.0,44,70,47,55.443,16445.0,-0.941261,0.142281,-1.33949,-0.716039,5.8535426586568405e-06,0.005853542658656841
13,Belgium,464710000000.0,11336500.0,75,17,71,137.639,40992.4,1.34068,0.441367,1.37696,1.39096,1.214122524588718e-05,0.012141225245887179
14,Benin,21403300000.0,10885400.0,40,85,35,5.43566,1966.24,-0.527894,-0.00202717,0.413315,-0.608593,4.993532621676742e-07,0.0004993532621676742
15,Bhutan,5877710000.0,796958.0,68,25,71,0.58046,7375.18,-0.665137,1.1233,-0.0259746,0.493501,7.283445300756125e-07,0.0007283445300756124
16,Bolivia,71531400000.0,10888600.0,29,132,35,17.9948,6569.38,-0.924095,-0.248866,-0.0369255,-1.20056,1.6526275186892715e-06,0.0016526275186892715
17,Bosnia and Herzegovina,39560500000.0,3528410.0,38,89,35,18.5662,11212.0,-0.166648,-0.397839,-0.132196,-0.21673,5.26191684072996e-06,0.00526191684072996
18,Botswana,33933800000.0,2250510.0,61,34,59,5.78343,15078.3,0.528487,0.99456,0.394302,0.533726,2.569830838343309e-06,0.002569830838343309
19,Brazil,2870230000000.0,207852000.0,35,105,35,492.541,13809.1,-0.207316,-0.377205,0.450566,-0.157223,2.3696716894713544e-06,0.0023696716894713544
20,Bulgaria,132051000000.0,7121330.0,42,77,35,42.8881,18543.0,0.658518,0.0773333,0.401109,-0.0614716,6.02248456397892e-06,0.00602248456397892
21,Burkina Faso,29994700000.0,18669200.0,41,78,47,3.41815,1606.64,-0.397383,-0.867376,0.0133565,-0.441279,1.8309033059799027e-07,0.00018309033059799026
22,Burundi,7130170000.0,10547300.0,17,170,22,0.217061,676.018,-0.825259,-1.97072,-1.54965,-1.46024,2.0579769230039916e-08,2.0579769230039916e-05
23,Cambodia,53465400000.0,15757200.0,20,161,22,9.64978,3393.08,-0.46522,0.211038,-1.10694,-1.06366,6.124044881070241e-07,0.0006124044881070241
24,Cameroon,76987300000.0,23459200.0,25,152,35,7.11122,3281.75,-0.789898,-1.06214,-1.03297,-1.036,3.031313940799345e-07,0.00030313139407993453
25,Canada,1521620000000.0,36051800.0,81,9,71,633.395,42206.5,1.73882,1.25606,1.44794,1.84111,1.7569025679716407e-05,0.017569025679716407
26,Central African Republic,2824990000.0,4621060.0,26,149,22,0.414601,611.329,-1.42731,-1.78927,-1.08655,-1.8165,8.971989110723514e-08,8.971989110723513e-05
27,Chad,26306200000.0,14464500.0,19,165,22,0.342687,1818.67,-1.18002,-1.30236,-1.35586,-1.37793,2.3691589754225866e-08,2.3691589754225867e-05
28,Chile,396449000000.0,17928000.0,67,27,59,83.5098,22113.4,1.37306,0.413111,0.99514,1.12927,4.658065595716198e-06,0.004658065595716198
29,China,19400000000000.0,1404130000.0,39,87,47,10592.8,13816.4,-0.264475,-0.499395,-1.56129,-0.334415,7.5440308233568116e-06,0.007544030823356812
30,Colombia,623204000000.0,48627000.0,36,99,47,87.7055,12816.0,0.402009,-0.882459,0.120772,-0.278798,1.8036378966417833e-06,0.0018036378966417833
31,Comoros,1149000000.0,795859.0,27,144,47,0.193975,1443.72,-1.04956,0.0357599,-0.25193,-0.998509,2.4373035927218266e-07,0.00024373035927218267
32,Costa Rica,72358900000.0,4855120.0,56,48,47,7.65027,14903.6,0.407434,0.661428,1.11753,0.466043,1.575711825866302e-06,0.0015757118258663018
33,Croatia,88538700000.0,4167880.0,48,60,47,17.0616,21243.1,0.356278,0.663769,0.524517,0.409176,4.093591946025317e-06,0.004093591946025317
34,Cuba,130111000000.0,11468200.0,47,61,47,24.6833,11345.4,-1.3387,0.685364,-1.5602,-0.442362,2.1523255611168274e-06,0.0021523255611168276
35,Cyprus,27741900000.0,854802.0,59,38,59,8.146,32454.2,1.05263,0.604255,1.04658,0.721344,9.5296922562184e-06,0.0095296922562184
36,Czech Republic,321115000000.0,10569400.0,59,38,71,106.275,30381.4,0.986401,0.976116,1.02477,1.0355,1.0054970007758247e-05,0.010054970007758247
37,Denmark,253475000000.0,5733200.0,88,1,83,37.7633,44211.7,1.57541,0.867915,1.54136,1.91239,6.586775273843578e-06,0.006586775273843578
38,Djibouti,3037470000.0,941911.0,31,124,47,0.951511,3224.8,-0.70002,-0.6264,-1.37253,-0.975927,1.0101920457452987e-06,0.0010101920457452986
39,Dominica,734646000.0,73543.0,57,45,59,0.19918,9989.34,0.199075,1.00244,0.899396,0.606374,2.708347497382484e-06,0.002708347497382484
40,Dominican Republic,147299000000.0,10644400.0,30,129,35,23.3221,13838.2,-0.065245,0.252106,0.180617,-0.395149,2.191020630566307e-06,0.002191020630566307
41,Ecuador,167902000000.0,16382600.0,34,114,22,36.82,10248.8,-1.01845,-0.085358,-0.248473,-0.761253,2.2475065007996287e-06,0.0022475065007996286
42,El Salvador,44525200000.0,6345790.0,35,105,35,7.318,7016.49,0.0939717,-0.0992914,0.188029,-0.709517,1.153205511055361e-06,0.001153205511055361
43,Equatorial Guinea,28910200000.0,1221570.0,16,172,10,3.06355,23666.4,-1.38024,-0.140869,-1.95255,-1.51585,2.5078792046301075e-06,0.0025078792046301073
44,Eritrea,8343160000.0,4964020.0,24,157,35,0.493125,1680.73,-2.18682,-0.656912,-2.1727,-1.62506,9.933984955741516e-08,9.933984955741516e-05
45,Estonia,35961100000.0,1315640.0,73,18,71,5.26909,27333.5,1.69814,0.673908,1.20798,1.22636,4.004963363838132e-06,0.004004963363838133
46,Ethiopia,163867000000.0,102450000.0,34,114,35,12.0258,1599.48,-1.10131,-1.61981,-1.40366,-0.492349,1.1738213762811128e-07,0.00011738213762811128
47,Finland,213514000000.0,5497300.0,85,3,83,46.6064,38839.8,1.81741,0.999086,1.53173,2.01521,8.478052862314228e-06,0.008478052862314229
48,France,2487650000000.0,66892100.0,72,21,71,354.099,37189.0,1.07032,-0.0953591,1.13557,1.41308,5.2935847431909e-06,0.0052935847431909
49,Gabon,32497900000.0,1974400.0,31,124,35,3.98041,16459.6,-0.79791,-0.104911,-0.969589,-0.604552,2.0160099270664505e-06,0.0020160099270664505
50,Georgia,35487600000.0,3940930.0,58,41,47,10.3538,9004.88,1.00866,-0.313291,0.293726,0.383661,2.627247883113884e-06,0.002627247883113884
51,Germany,3649310000000.0,82392000.0,80,11,83,826.402,44292.1,1.81702,0.681363,1.36378,1.62202,1.003012428391106e-05,0.01003012428391106
52,Ghana,106867000000.0,28213000.0,41,78,35,13.4355,3787.86,-0.23251,-0.130929,0.583606,0.0487858,4.7621663772019986e-07,0.00047621663772019984
53,Greece,262440000000.0,10774000.0,45,67,47,68.2389,24358.5,0.148387,-0.121599,0.668495,0.107346,6.333664377204381e-06,0.006333664377204382
54,Grenada,1357040000.0,107320.0,52,53,47,0.284114,12644.8,0.084025,1.01893,0.817036,0.568965,2.6473537085352215e-06,0.0026473537085352217
55,Guatemala,119582000000.0,16584100.0,27,144,22,16.7256,7210.64,-0.202432,-0.542593,-0.291889,-1.01984,1.0085322688599321e-06,0.001008532268859932
56,Guinea,23002100000.0,12423400.0,28,138,35,2.79777,1851.51,-0.867674,-0.393875,-0.761686,-1.21607,2.2520163562309833e-07,0.00022520163562309833
57,Guyana,5494550000.0,772968.0,37,93,35,2.1348,7108.38,-0.416516,-0.0260627,0.253539,-0.309114,2.7618219641692796e-06,0.0027618219641692794
58,Haiti,17572800000.0,10843100.0,20,161,22,3.41103,1620.64,-1.23831,-0.743788,-0.759447,-1.002,3.145807010910164e-07,0.0003145807010910164
59,Honduras,39336500000.0,9112520.0,29,132,22,9.28918,4316.75,-0.513028,-0.433312,-0.439699,-1.1187,1.0193865143780206e-06,0.0010193865143780206
60,Hungary,248450000000.0,9809900.0,46,64,59,49.4891,25326.4,0.603422,0.654679,0.401252,0.423058,5.044811873719406e-06,0.005044811873719406
61,Iceland,15568300000.0,332840.0,76,14,83,3.23266,46774.1,1.27685,1.36162,1.35605,1.51954,9.712354284340825e-06,0.009712354284340825
62,India,7962030000000.0,1326110000.0,41,78,47,2154.76,6004.06,-0.306505,-0.95384,0.440187,-0.0288772,1.6248727481129018e-06,0.0016248727481129018
63,Indonesia,2754650000000.0,261461000.0,38,89,47,513.149,10535.6,-0.122344,-0.372952,0.166679,-0.344751,1.9626215764492603e-06,0.00196262157644926
64,Iraq,693340000000.0,37202600.0,18,168,10,120.478,18636.9,-1.12507,-2.31359,-1.01679,-1.62559,3.238429572126679e-06,0.003238429572126679
65,Ireland,293455000000.0,4762600.0,73,18,71,37.5098,61616.7,1.74097,0.847819,1.29098,1.51724,7.875908117414857e-06,0.007875908117414857
66,Israel,275424000000.0,8194350.0,61,34,59,70.4422,33611.4,1.31263,-0.794536,0.786603,1.07218,8.596435348746392e-06,0.008596435348746392
67,Italy,2039770000000.0,60618000.0,52,53,59,356.122,33649.7,0.710592,0.369415,1.03399,0.32916,5.874855653436273e-06,0.005874855653436273
68,Jamaica,23165100000.0,2880180.0,44,70,35,8.76513,8042.94,0.163843,0.307684,0.681261,-0.20327,3.0432577130596e-06,0.0030432577130596002
69,Japan,4740050000000.0,127716000.0,73,18,71,1202.52,37114.0,1.42812,0.982944,0.987905,1.42099,9.415578314385042e-06,0.009415578314385041
70,Jordan,77707300000.0,9369170.0,49,58,35,24.5321,8293.94,0.0516795,-0.492398,-0.713007,0.3043,2.618385620070935e-06,0.002618385620070935
71,Kazakhstan,408057000000.0,17955200.0,31,124,35,279.283,22726.4,-0.0997007,0.00845748,-1.20755,-0.435089,1.555443548387097e-05,0.01555443548387097
72,Kenya,138918000000.0,48487400.0,27,144,22,17.8866,2865.03,-0.30033,-1.35479,-0.115443,-0.440552,3.6889171207365214e-07,0.00036889171207365215
73,Kosovo,16821800000.0,1999790.0,37,93,35,8.93809,8411.78,-0.188869,-0.282407,-0.148821,-0.350177,4.4695142990013955e-06,0.004469514299001396
74,Kuwait,268528000000.0,4009210.0,41,78,35,98.3647,66977.8,-0.073882,-0.0496832,-0.628963,0.0279303,2.4534683890342485e-05,0.024534683890342485
75,Latvia,45772200000.0,1950120.0,58,41,59,8.41797,23471.5,1.08024,0.479069,0.84249,0.958983,4.316642052796751e-06,0.004316642052796751
76,Lebanon,78065500000.0,5885140.0,28,138,22,23.26,13264.9,-0.343162,-1.61897,-0.520428,-0.830497,3.952327387283905e-06,0.003952327387283905
77,Lesotho,6204920000.0,2204160.0,41,78,59,0.712526,2815.09,-0.38759,-0.236465,0.0337448,-0.168291,3.232641913472706e-07,0.0003232641913472706
78,Liberia,5308960000.0,4620470.0,32,120,22,1.16453,1149.01,-0.948493,-0.437408,-0.107508,-0.945159,2.5203713042179693e-07,0.00025203713042179694
79,Libya,53032400000.0,6320400.0,17,170,10,42.6403,8390.67,-2.27446,-2.28333,-1.42977,-1.81669,6.7464559205113605e-06,0.006746455920511361
80,Lithuania,78404100000.0,2847900.0,59,38,59,13.9695,27530.5,1.13622,0.82828,0.99997,1.02936,4.9051933003265565e-06,0.0049051933003265566
81,Luxembourg,53497500000.0,580210.0,81,9,83,10.1962,92203.7,1.72208,1.41948,1.50021,1.76036,1.7573292428603436e-05,0.017573292428603435
82,Madagascar,33506800000.0,24925400.0,25,152,35,3.84001,1344.28,-0.689742,-0.290095,-0.313077,-0.813404,1.5406011538430677e-07,0.00015406011538430676
83,Malawi,19205900000.0,18115600.0,32,120,47,1.05403,1060.19,-0.844849,-0.113479,-0.0307756,-0.375331,5.818355450550907e-08,5.818355450550907e-05
84,Malaysia,784953000000.0,31237900.0,47,61,47,215.716,25128.2,0.711795,0.136825,-0.418371,0.499149,6.905585842838347e-06,0.006905585842838347
85,Maldives,5970570000.0,364000.0,31,124,35,1.65195,16402.7,-0.457905,0.420993,-0.733073,-0.407596,4.538324175824176e-06,0.004538324175824176
86,Mali,44354500000.0,18031200.0,32,120,35,3.38734,2459.88,-0.590875,-1.61723,-0.183506,-0.782162,1.8785993167398732e-07,0.00018785993167398733
87,Malta,16363000000.0,460297.0,54,51,59,7.82164,35548.8,1.15679,1.08044,1.19631,0.997759,1.6992593912191477e-05,0.016992593912191475
88,Mauritania,15050300000.0,4302630.0,27,144,35,2.61943,3497.93,-0.743002,-0.746968,-0.775239,-0.726432,6.087974099562361e-07,0.0006087974099562361
89,Mauritius,24246200000.0,1262390.0,51,56,59,6.02739,19206.6,1.02976,1.01319,0.819039,0.751672,4.774586300588566e-06,0.004774586300588566
90,Mexico,2145030000000.0,127740000.0,28,138,22,452.581,16792.2,0.287122,-0.629069,-0.069213,-0.556211,3.5429857523093786e-06,0.0035429857523093787
91,Moldova,20239900000.0,3553100.0,33,117,47,7.60794,5696.41,-0.114886,-0.30356,-0.0212144,-0.494989,2.14121189946807e-06,0.00214121189946807
92,Mongolia,33944700000.0,3023380.0,37,93,47,16.7791,11227.4,-0.0763125,0.797793,0.331928,-0.220197,5.549782032030376e-06,0.005549782032030376
93,Montenegro,9459120000.0,628422.0,45,67,47,2.21769,15052.2,0.224433,0.276631,0.0759906,-0.00568145,3.5289821171123867e-06,0.0035289821171123866
94,Morocco,255334000000.0,35256800.0,43,73,35,52.8825,7242.12,-0.23495,-0.312573,-0.626316,-0.158313,1.499923419028386e-06,0.001499923419028386
95,Mozambique,31836300000.0,28870400.0,23,158,22,9.66452,1102.73,-0.70456,-1.094,-0.418252,-1.05131,3.3475532032808686e-07,0.00033475532032808687
96,Myanmar,274870000000.0,52884600.0,29,132,22,27.0065,5197.54,-0.868316,-0.80462,-0.797783,-0.886977,5.106685121944763e-07,0.0005106685121944763
97,Namibia,23848200000.0,2479760.0,53,52,59,3.85431,9617.14,-0.135936,0.71009,0.582215,0.362666,1.5543076749362842e-06,0.0015543076749362842
98,Nepal,66244500000.0,28977100.0,31,124,35,6.18293,2286.1,-0.764532,-0.846812,-0.252871,-0.795469,2.133729738310597e-07,0.0002133729738310597
99,Netherlands,800064000000.0,17043100.0,82,8,83,248.652,46943.6,1.97617,0.912268,1.54028,1.89441,1.4589599309984686e-05,0.014589599309984685
100,New Zealand,163069000000.0,4659580.0,87,2,83,37.5117,34996.5,2.03828,1.51918,1.53241,1.95447,8.050446606775717e-06,0.008050446606775718
101,Nicaragua,30907500000.0,6148940.0,25,152,22,5.39717,5026.48,-0.506705,-0.0887977,-0.681534,-0.644227,8.777399031377766e-07,0.0008777399031377766
102,Niger,18585200000.0,20732500.0,34,114,35,2.24872,896.428,-0.671357,-1.10331,-0.422797,-0.661077,1.0846352345351502e-07,0.00010846352345351503
103,Nigeria,990122000000.0,186176000.0,27,144,22,97.1037,5318.2,-0.918893,-1.87771,-0.320183,-1.01725,5.215693752148505e-07,0.0005215693752148506
104,Norway,332520000000.0,5240470.0,84,7,83,43.2387,63452.3,1.69796,1.20007,1.66425,2.03633,8.250920241886701e-06,0.008250920241886702
105,Oman,166236000000.0,4389790.0,52,53,47,68.4576,37868.8,0.610466,0.760053,-1.05441,0.407917,1.5594732322047296e-05,0.015594732322047295
106,Pakistan,896298000000.0,193177000.0,33,117,35,175.707,4639.78,-0.639584,-2.48317,-0.700991,-0.804378,9.095648032633284e-07,0.0009095648032633284
107,Panama,83118400000.0,4033260.0,37,93,35,25.4585,20608.2,0.360629,0.41143,0.523939,0.0495611,6.31213955956224e-06,0.00631213955956224
108,Papua New Guinea,25287200000.0,8087000.0,28,138,22,6.097,3126.9,-0.55599,-0.504772,0.157242,-0.776429,7.539260541609992e-07,0.0007539260541609992
109,Paraguay,75552100000.0,6724560.0,29,132,22,7.20871,11235.2,-0.299976,0.14179,-0.0623435,-0.729748,1.0719972756581842e-06,0.0010719972756581843
110,Peru,373980000000.0,31763800.0,35,105,35,55.0172,11773.8,0.508346,-0.201727,0.267631,-0.482023,1.7320723591006115e-06,0.0017320723591006115
111,Philippines,732704000000.0,103514000.0,36,99,35,110.742,7078.27,-0.00410138,-1.37982,0.162109,-0.354934,1.06982630368839e-06,0.00106982630368839
112,Poland,957418000000.0,37970800.0,60,36,59,307.402,25214.6,0.951996,0.507242,0.84349,0.636218,8.095747258419628e-06,0.008095747258419628
113,Portugal,273194000000.0,10321500.0,64,30,59,55.1982,26468.5,0.844399,0.974051,1.15696,1.09724,5.347885481761372e-06,0.005347885481761372
114,Qatar,297335000000.0,2543590.0,62,33,47,102.484,116896.0,0.695944,0.900235,-1.1523,0.794278,4.0291084648076144e-05,0.040291084648076146
115,Romania,405077000000.0,19687800.0,47,61,47,71.6766,20575.0,0.587475,0.277197,0.539775,0.360989,3.6406607137415047e-06,0.0036406607137415047
116,Rwanda,20705200000.0,11921100.0,56,48,59,0.987123,1736.85,0.107119,-0.0548993,-1.15701,0.101849,8.280469084228805e-08,8.280469084228804e-05
117,Saudi Arabia,1593750000000.0,32187600.0,49,58,22,656.578,49514.4,0.0793312,-0.464828,-1.72922,0.337608,2.039847643191788e-05,0.020398476431917882
118,Senegal,44811700000.0,15421600.0,45,67,47,8.60316,2905.77,-0.143072,-0.218255,0.369219,-0.106501,5.578642942366551e-07,0.0005578642942366552
119,Serbia,95269800000.0,7058320.0,39,87,35,47.5103,13497.5,0.0562996,0.140154,0.199048,-0.15925,6.731105985560304e-06,0.006731105985560304
120,Seychelles,2259570000.0,94216.0,66,28,71,1.15203,23982.9,-0.259155,0.733005,0.158111,0.150875,1.2227540969686678e-05,0.012227540969686678
121,Sierra Leone,9885780000.0,7399010.0,30,129,35,0.986173,1336.09,-0.925489,-0.159926,-0.199254,-0.777361,1.3328445292005281e-07,0.00013328445292005281
122,Singapore,458821000000.0,5607280.0,85,3,83,255.185,81825.9,2.18061,1.49576,-0.150454,1.82524,4.550958753620294e-05,0.04550958753620294
123,Slovenia,60470400000.0,2065900.0,60,36,71,13.5945,29270.7,0.640269,0.990436,1.01017,1.08267,6.580424996369621e-06,0.006580424996369621
124,Solomon Islands,1043290000.0,599445.0,44,70,59,0.233858,1740.43,-0.958007,0.506028,0.467391,-0.318937,3.9012419821668377e-07,0.0003901241982166838
125,Somalia,6877670000.0,14347500.0,10,180,22,0.850897,479.364,-2.26527,-2.35736,-1.9124,-2.34642,5.930629029447639e-08,5.9306290294476396e-05
126,South Africa,672566000000.0,56088600.0,43,73,47,510.751,11991.1,0.211844,-0.141504,0.647684,0.116231,9.10614634702952e-06,0.00910614634702952
127,Spain,1537470000000.0,46495000.0,58,41,47,286.124,33067.3,1.0086,0.413188,1.04105,0.978825,6.153866007097538e-06,0.006153866007097538
128,Sri Lanka,237770000000.0,20788000.0,38,89,35,24.2622,11437.8,-0.100036,-0.00402954,-0.0821306,0.110592,1.1671252645757168e-06,0.0011671252645757168
129,Sudan,198875000000.0,39626500.0,16,172,22,18.9488,5018.74,-1.49144,-2.33722,-1.83765,-1.25819,4.781850529317501e-07,0.00047818505293175013
130,Suriname,7592770000.0,558117.0,43,73,35,2.05833,13604.3,-0.626957,0.162081,0.41524,-0.154877,3.687990152602412e-06,0.003687990152602412
131,Swaziland,10347200000.0,1343070.0,38,89,35,1.08952,7704.14,-0.576287,-0.488717,-1.41625,-0.368517,8.112160944701319e-07,0.0008112160944701318
132,Sweden,451782000000.0,9941100.0,85,3,83,53.4077,45445.9,1.8542,1.01794,1.5639,2.01903,5.372413515606925e-06,0.005372413515606925
133,Switzerland,457510000000.0,8419550.0,85,3,83,39.7598,54339.0,1.9119,1.30629,1.53179,1.94754,4.722318888776716e-06,0.004722318888776716
134,Tajikistan,22544700000.0,8733970.0,25,152,22,5.44052,2581.27,-1.09314,-0.77776,-1.69176,-1.14801,6.229148943722042e-07,0.0006229148943722042
135,Tanzania,136526000000.0,55658900.0,36,99,35,14.4736,2452.91,-0.435308,-0.440995,-0.223796,-0.376701,2.600410715986122e-07,0.0002600410715986122
136,Thailand,1060970000000.0,68882500.0,36,99,35,342.339,15402.6,0.16807,-0.988581,-1.02511,-0.00487571,4.9698980147352376e-06,0.004969898014735238
137,Timor-Leste,6861370000.0,1269060.0,35,105,35,0.53191,5406.66,-0.977306,-0.0105038,0.21951,-1.15814,4.1913699903865853e-07,0.0004191369990386585
138,Togo,11054100000.0,7610300.0,30,129,35,2.58506,1452.52,-0.793302,-0.172354,-0.5459,-0.633554,3.396791190886036e-07,0.0003396791190886036
139,Trinidad and Tobago,41232700000.0,1363620.0,41,78,35,49.3194,30237.7,0.0867226,0.286352,0.557951,-0.154072,3.616799401592819e-05,0.03616799401592819
140,Tunisia,120206000000.0,11399600.0,43,73,47,22.8696,10544.8,-0.470093,-1.14133,0.303427,-0.00310121,2.0061756552861504e-06,0.0020061756552861502
141,Turkey,1815580000000.0,79615100.0,41,78,47,366.084,22804.5,0.196143,-2.00906,-0.608911,-0.208644,4.5981729596521266e-06,0.004598172959652126
142,Turkmenistan,86782000000.0,5658470.0,20,161,22,98.9592,15336.7,-2.09099,-0.189693,-2.17089,-1.48982,1.748868510392385e-05,0.017488685103923853
143,Uganda,75998600000.0,41553400.0,26,149,22,4.71081,1828.94,-0.213147,-0.715323,-0.650014,-0.251176,1.1336761853422345e-07,0.00011336761853422345
144,Ukraine,320937000000.0,42800000.0,32,120,35,223.957,7498.53,-0.429534,-1.85648,0.000596148,-0.766294,5.232640186915888e-06,0.0052326401869158875
145,United Arab Emirates,614766000000.0,9286080.0,70,23,47,288.876,66203.0,0.972596,0.564749,-1.05042,0.849041,3.110849788069885e-05,0.03110849788069885
146,United Kingdom,2561880000000.0,65687900.0,80,11,71,480.68,39000.9,1.76071,0.360454,1.29464,1.69151,7.317633841240168e-06,0.007317633841240168
147,Uruguay,67787000000.0,3444120.0,70,23,59,7.5194,19682.0,0.489456,1.06258,1.16297,0.630394,2.1832572616517425e-06,0.0021832572616517425
148,Uzbekistan,188391000000.0,31428000.0,23,158,22,92.949,5994.37,-1.61992,-0.272571,-1.8869,-1.10682,2.957521954944635e-06,0.002957521954944635
149,Vanuatu,672159000.0,270469.0,46,64,47,0.164924,2485.16,-0.293116,0.513114,0.664111,0.338263,6.097704357985572e-07,0.0006097704357985572
150,Vietnam,540764000000.0,94529300.0,33,117,35,218.767,5720.6,-0.453793,0.233592,-1.37498,0.0753607,2.314277160626388e-06,0.0023142771606263876
151,Zambia,59353400000.0,16616300.0,35,105,35,3.62223,3572.0,-0.483593,0.142808,-0.30611,-0.30044,2.1799257355729013e-07,0.00021799257355729015
152,Zimbabwe,29444000000.0,16158000.0,22,160,22,10.4808,1822.26,-1.72011,-0.619938,-1.18099,-1.36823,6.486446342369105e-07,0.0006486446342369105
